1940 1 -212.728 162.800
1940 2 -209.028 160.200
1940 3 -214.528 158.200
1940 4 -212.928 156.300
1940 5 -215.628 157.100
1940 6 -224.028 156.700
1940 7 -225.128 157.000
1940 8 -227.928 157.200
1940 9 -217.728 156.300
1940 10 -215.928 156.400
1940 11 -223.328 158.300
1940 12 -237.528 157.800
1941 1 -233.628 151.800
1941 2 -231.228 151.400
1941 3 -234.328 148.300
1941 4 -245.428 146.400
1941 5 -241.228 144.700
1941 6 -239.628 142.600
1941 7 -228.528 142.200
1941 8 -220.428 142.600
1941 9 -214.928 143.600
1941 10 -210.028 143.600
1941 11 -209.328 144.300
1941 12 -219.128 144.800
1942 1 -210.128 141.900
1942 2 -210.928 142.800
1942 3 -206.728 143.900
1942 4 -192.928 144.600
1942 5 -192.828 146.100
1942 6 -191.928 146.900
1942 7 -189.628 148.300
1942 8 -186.928 149.300
1942 9 -191.228 150.700
1942 10 -186.928 152.900
1942 11 -196.228 155.400
1942 12 -200.028 157.600
1943 1 -196.228 153.500
1943 2 -193.928 153.700
1943 3 -189.928 154.600
1943 4 -183.028 156.500
1943 5 -177.728 157.500
1943 6 -182.428 157.400
1943 7 -177.128 157.800
1943 8 -177.828 158.200
1943 9 -184.528 158.000
1943 10 -172.628 158.100
1943 11 -175.328 158.200
1943 12 -178.528 158.800
1944 1 -173.528 155.300
1944 2 -182.528 155.600
1944 3 -181.628 155.200
1944 4 -181.928 154.900
1944 5 -177.028 154.600
1944 6 -183.628 154.800
1944 7 -182.328 155.600
1944 8 -180.328 156.800
1944 9 -191.428 157.600
1944 10 -191.628 157.800
1944 11 -201.728 158.400
1944 12 -198.728 160.300
1945 1 -184.328 158.300
1945 2 -181.728 158.100
1945 3 -180.128 159.200
1945 4 -185.928 159.800
1945 5 -186.028 158.700
1945 6 -189.628 157.100
1945 7 -182.928 157.400
1945 8 -181.928 157.200
1945 9 -190.428 158.100
1945 10 -183.328 156.800
1945 11 -178.728 155.500
1945 12 -187.728 155.200
1946 1 -182.328 151.800
1946 2 -191.328 148.200
1946 3 -188.328 148.300
1946 4 -195.128 146.900
1946 5 -161.628 146.400
1946 6 -164.728 145.500
1946 7 -160.228 142.900
1946 8 -161.728 142.700
1946 9 -154.528 142.000
1946 10 -152.228 140.500
1946 11 -155.828 140.100
1946 12 -158.228 138.600
1947 1 -137.128 134.100
1947 2 -145.728 133.400
1947 3 -148.728 132.900
1947 4 -147.628 131.600
1947 5 -146.128 130.100
1947 6 -152.428 130.800
1947 7 -148.028 130.000
1947 8 -157.828 131.100
1947 9 -150.728 132.300
1947 10 -152.728 131.800
1947 11 -151.028 131.600
1947 12 -162.328 131.600
1948 1 -154.028 128.100
1948 2 -155.728 128.400
1948 3 -165.528 128.400
1948 4 -170.028 128.700
1948 5 -180.428 129.100
1948 6 -185.228 129.400
1948 7 -190.728 128.900
1948 8 -198.828 127.900
1948 9 -199.328 127.400
1948 10 -196.828 126.100
1948 11 -193.928 125.600
1948 12 -190.428 125.700
1949 1 -181.128 122.800
1949 2 -184.728 124.000
1949 3 -188.328 123.600
1949 4 -184.028 123.200
1949 5 -177.728 122.900
1949 6 -179.728 122.000
1949 7 -174.728 120.700
1949 8 -177.228 119.800
1949 9 -180.928 117.800
1949 10 -187.428 115.900
1949 11 -181.128 114.900
1949 12 -177.828 114.400
1950 1 -168.728 112.200
1950 2 -175.528 112.300
1950 3 -175.328 110.400
1950 4 -190.428 110.200
1950 5 -201.828 110.600
1950 6 -195.628 110.900
1950 7 -191.528 111.200
1950 8 -188.728 110.800
1950 9 -185.728 110.100
1950 10 -189.128 108.600
1950 11 -188.828 107.000
1950 12 -184.028 106.100
1951 1 -169.828 103.200
1951 2 -155.528 102.400
1951 3 -150.028 103.400
1951 4 -144.928 103.900
1951 5 -143.328 103.400
1951 6 -143.928 103.900
1951 7 -141.928 104.100
1951 8 -135.928 104.300
1951 9 -136.728 103.200
1951 10 -134.928 102.400
1951 11 -140.228 101.800
1951 12 -146.928 101.400
1952 1 -135.128 100.100
1952 2 -140.428 101.300
1952 3 -146.728 102.000
1952 4 -159.028 103.300
1952 5 -164.128 103.600
1952 6 -159.228 103.900
1952 7 -160.528 104.900
1952 8 -163.628 107.000
1952 9 -167.728 108.100
1952 10 -170.928 108.300
1952 11 -172.028 108.400
1952 12 -170.928 107.200
1953 1 -159.528 106.200
1953 2 -159.428 107.000
1953 3 -148.628 106.900
1953 4 -154.128 107.000
1953 5 -147.628 108.500
1953 6 -149.928 110.000
1953 7 -149.428 110.800
1953 8 -141.628 110.900
1953 9 -145.328 112.100
1953 10 -146.228 112.700
1953 11 -145.328 113.300
1953 12 -143.628 113.700
1954 1 -141.128 109.800
1954 2 -138.528 108.600
1954 3 -143.028 108.600
1954 4 -136.628 108.100
1954 5 -132.528 108.400
1954 6 -127.828 108.800
1954 7 -125.128 108.900
1954 8 -126.528 108.900
1954 9 -130.428 108.400
1954 10 -136.528 107.900
1954 11 -140.828 106.400
1954 12 -141.428 105.200
1955 1 -128.428 105.400
1955 2 -134.728 102.200
1955 3 -154.128 100.100
1955 4 -166.628 98.000
1955 5 -177.328 97.800
1955 6 -176.528 97.400
1955 7 -186.328 96.700
1955 8 -183.128 95.200
1955 9 -180.728 93.900
1955 10 -180.928 92.900
1955 11 -179.628 90.300
1955 12 -167.228 87.800
1956 1 -159.328 84.600
1956 2 -168.928 83.900
1956 3 -162.828 82.300
1956 4 -167.628 81.500
1956 5 -168.728 80.500
1956 6 -172.028 79.500
1956 7 -170.528 78.600
1956 8 -163.428 77.800
1956 9 -175.328 77.100
1956 10 -167.628 76.300
1956 11 -167.928 76.000
1956 12 -162.628 75.000
1957 1 -152.028 73.200
1957 2 -161.128 73.600
1957 3 -164.628 73.400
1957 4 -164.628 73.100
1957 5 -165.328 73.400
1957 6 -162.328 73.100
1957 7 -154.328 72.100
1957 8 -153.428 70.900
1957 9 -152.628 70.900
1957 10 -146.228 70.700
1957 11 -148.828 70.500
1957 12 -147.428 69.200
1958 1 -133.228 82.700
1958 2 -128.628 82.600
1958 3 -124.528 82.400
1958 4 -124.028 81.800
1958 5 -131.328 81.100
1958 6 -130.228 81.000
1958 7 -122.528 81.100
1958 8 -115.228 81.700
1958 9 -114.728 82.100
1958 10 -126.428 83.200
1958 11 -132.028 83.200
1958 12 -131.828 83.200
1959 1 -130.928 81.800
1959 2 -138.728 82.000
1959 3 -150.028 81.200
1959 4 -156.328 80.100
1959 5 -152.628 80.200
1959 6 -147.528 79.900
1959 7 -135.428 79.900
1959 8 -130.328 80.200
1959 9 -131.028 80.100
1959 10 -126.828 79.500
1959 11 -146.128 79.100
1959 12 -141.028 78.500
1960 1 -135.328 75.300
1960 2 -128.628 74.600
1960 3 -122.128 75.700
1960 4 -122.428 76.900
1960 5 -119.528 77.400
1960 6 -123.828 78.300
1960 7 -119.728 78.100
1960 8 -116.828 77.500
1960 9 -118.428 77.900
1960 10 -117.128 77.700
1960 11 -117.928 78.500
1960 12 -125.528 79.000
1961 1 -129.128 76.700
1961 2 -138.728 77.300
1961 3 -144.828 77.700
1961 4 -143.828 76.500
1961 5 -141.528 76.700
1961 6 -136.628 76.900
1961 7 -129.928 77.100
1961 8 -133.528 77.100
1961 9 -137.128 76.700
1961 10 -130.628 77.000
1961 11 -127.728 77.000
1961 12 -118.828 75.700
1962 1 -104.428 73.600
1962 2 -100.728 73.000
1962 3 -96.728 71.200
1962 4 -92.028 69.700
1962 5 -95.128 69.400
1962 6 -93.228 68.900
1962 7 -91.328 69.000
1962 8 -83.428 69.400
1962 9 -78.828 70.100
1962 10 -76.828 69.200
1962 11 -82.828 68.800
1962 12 -84.628 67.900
1963 1 -83.328 65.600
1963 2 -89.528 66.000
1963 3 -100.828 66.400
1963 4 -116.528 66.100
1963 5 -107.628 65.000
1963 6 -104.528 64.700
1963 7 -101.028 63.800
1963 8 -104.628 64.400
1963 9 -103.928 64.000
1963 10 -111.528 63.000
1963 11 -119.228 62.100
1963 12 -119.928 62.700
1964 1 -112.428 62.200
1964 2 -117.028 62.900
1964 3 -117.328 63.900
1964 4 -117.628 65.100
1964 5 -116.928 66.300
1964 6 -115.628 66.200
1964 7 -118.128 66.300
1964 8 -123.128 66.300
1964 9 -126.728 65.500
1964 10 -125.428 64.400
1964 11 -125.628 64.500
1964 12 -133.728 64.500
1965 1 -130.328 62.500
1965 2 -130.628 62.000
1965 3 -145.328 62.000
1965 4 -143.828 61.500
1965 5 -138.028 61.900
1965 6 -134.128 61.700
1965 7 -135.328 60.500
1965 8 -132.528 59.900
1965 9 -128.528 59.600
1965 10 -121.828 61.100
1965 11 -122.028 60.900
1965 12 -120.528 60.700
1966 1 -111.828 59.300
1966 2 -112.628 59.700
1966 3 -110.828 59.100
1966 4 -108.828 59.500
1966 5 -103.428 59.300
1966 6 -101.828 58.700
1966 7 -106.128 58.600
1966 8 -109.928 58.600
1966 9 -106.928 58.100
1966 10 -112.128 56.800
1966 11 -115.728 54.900
1966 12 -119.428 55.100
1967 1 -111.228 54.200
1967 2 -111.728 54.000
1967 3 -113.528 53.600
1967 4 -118.928 53.100
1967 5 -123.128 52.500
1967 6 -124.228 51.600
1967 7 -117.628 51.500
1967 8 -114.528 51.400
1967 9 -112.728 52.200
1967 10 -116.128 51.300
1967 11 -119.928 51.600
1967 12 -122.428 51.000
1968 1 -119.828 49.400
1968 2 -123.728 49.300
1968 3 -126.528 49.900
1968 4 -129.528 49.700
1968 5 -127.728 49.400
1968 6 -131.128 49.300
1968 7 -129.228 49.200
1968 8 -133.528 48.800
1968 9 -133.328 48.400
1968 10 -136.728 48.000
1968 11 -137.728 47.400
1968 12 -138.128 47.000
1969 1 -129.628 46.100
1969 2 -132.728 46.100
1969 3 -136.128 47.400
1969 4 -137.928 47.900
1969 5 -136.528 48.500
1969 6 -135.428 48.900
1969 7 -132.228 48.800
1969 8 -136.128 48.500
1969 9 -140.428 48.300
1969 10 -139.428 47.700
1969 11 -140.528 48.600
1969 12 -136.728 48.400
1970 1 -134.728 53.600
1970 2 -132.328 54.000
1970 3 -133.128 54.900
1970 4 -132.328 55.000
1970 5 -123.128 55.400
1970 6 -125.228 55.800
1970 7 -116.228 55.400
1970 8 -112.528 55.900
1970 9 -115.028 56.500
1970 10 -115.428 56.100
1970 11 -112.128 56.100
1970 12 -113.828 55.800
1971 1 -104.828 53.100
1971 2 -111.828 52.900
1971 3 -116.228 52.200
1971 4 -123.328 51.600
1971 5 -116.828 51.000
1971 6 -117.228 51.000
1971 7 -108.928 51.200
1971 8 -101.128 51.100
1971 9 -93.728 51.700
1971 10 -90.928 52.900
1971 11 -95.728 52.200
1971 12 -97.828 52.500
1972 1 -97.028 52.200
1972 2 -94.928 52.600
1972 3 -94.528 51.900
1972 4 -90.728 51.900
1972 5 -93.828 52.300
1972 6 -102.028 52.600
1972 7 -118.428 53.300
1972 8 -125.128 52.200
1972 9 -118.828 52.300
1972 10 -117.528 52.200
1972 11 -119.328 52.100
1972 12 -116.728 51.600
1973 1 -113.128 51.100
1973 2 -118.028 51.500
1973 3 -113.228 51.500
1973 4 -104.228 51.300
1973 5 -101.928 52.600
1973 6 -107.528 53.100
1973 7 -108.328 53.000
1973 8 -105.528 53.900
1973 9 -103.528 54.200
1973 10 -101.028 54.300
1973 11 -100.728 54.900
1973 12 -95.128 55.000
1974 1 -94.628 53.700
1974 2 -99.628 53.800
1974 3 -98.128 53.900
1974 4 -107.528 54.800
1974 5 -104.128 55.000
1974 6 -98.128 55.500
1974 7 -92.828 55.500
1974 8 -82.128 56.400
1974 9 -84.028 56.400
1974 10 -81.528 55.800
1974 11 -78.528 55.000
1974 12 -79.028 53.700
1975 1 -72.528 52.000
1975 2 -77.728 52.900
1975 3 -75.328 53.700
1975 4 -70.328 53.800
1975 5 -79.828 55.200
1975 6 -92.628 57.100
1975 7 -92.628 56.900
1975 8 -81.528 56.400
1975 9 -74.928 56.300
1975 10 -65.828 55.800
1975 11 -65.828 56.100
1975 12 -70.128 56.500
1976 1 -70.628 55.100
1976 2 -73.628 55.300
1976 3 -82.428 55.400
1976 4 -86.028 55.900
1976 5 -85.128 55.900
1976 6 -77.328 55.700
1976 7 -80.428 55.100
1976 8 -76.028 53.900
1976 9 -60.328 52.500
1976 10 -60.328 52.300
1976 11 -66.928 52.000
1976 12 -59.628 52.200
1977 1 -52.028 50.300
1977 2 -43.628 49.900
1977 3 -41.128 49.800
1977 4 -35.228 51.100
1977 5 -37.828 51.600
1977 6 -53.728 52.400
1977 7 -54.828 52.600
1977 8 -61.128 52.500
1977 9 -66.628 51.400
1977 10 -63.228 49.900
1977 11 -64.828 49.400
1977 12 -60.028 48.800
1978 1 -52.228 47.000
1978 2 -54.728 46.900
1978 3 -57.128 46.900
1978 4 -62.928 47.100
1978 5 -66.528 47.000
1978 6 -67.228 47.700
1978 7 -59.728 47.900
1978 8 -67.028 47.000
1978 9 -63.528 44.800
1978 10 -61.028 43.700
1978 11 -62.428 42.800
1978 12 -62.928 42.200
1979 1 -68.728 41.500
1979 2 -70.428 41.100
1979 3 -69.128 40.600
1979 4 -63.728 40.900
1979 5 -61.228 40.600
1979 6 -65.828 41.700
1979 7 -77.328 42.100
1979 8 -85.428 41.400
1979 9 -88.828 41.300
1979 10 -86.428 41.000
1979 11 -82.528 40.600
1979 12 -77.628 40.300
1980 1 -56.128 40.700
1980 2 -48.128 41.100
1980 3 -40.228 41.000
1980 4 -39.328 40.800
1980 5 -41.828 41.200
1980 6 -43.828 41.800
1980 7 -42.928 42.700
1980 8 -52.728 43.300
1980 9 -45.628 43.600
1980 10 -54.628 43.500
1980 11 -54.328 43.000
1980 12 -60.828 42.200
1981 1 -51.628 40.800
1981 2 -58.428 41.500
1981 3 -59.928 42.300
1981 4 -63.128 42.700
1981 5 -62.028 43.300
1981 6 -77.128 43.500
1981 7 -73.028 43.900
1981 8 -70.928 45.200
1981 9 -64.328 45.500
1981 10 -56.428 44.500
1981 11 -63.428 43.700
1981 12 -65.728 42.400
1982 1 -62.828 39.900
1982 2 -60.328 39.000
1982 3 -62.028 38.600
1982 4 -62.928 38.600
1982 5 -68.728 38.700
1982 6 -78.328 38.200
1982 7 -80.428 38.300
1982 8 -81.828 38.100
1982 9 -83.528 38.900
1982 10 -82.128 39.000
1982 11 -83.228 38.500
1982 12 -93.128 37.900
1983 1 -85.328 35.800
1983 2 -81.828 35.700
1983 3 -71.528 35.900
1983 4 -69.228 36.700
1983 5 -72.328 37.400
1983 6 -74.428 37.400
1983 7 -80.328 37.500
1983 8 -82.528 37.600
1983 9 -79.228 37.100
1983 10 -72.628 37.700
1983 11 -65.928 37.600
1983 12 -62.028 37.300
1984 1 -50.428 36.400
1984 2 -51.128 36.800
1984 3 -55.028 37.300
1984 4 -57.028 37.700
1984 5 -71.228 38.400
1984 6 -82.628 38.400
1984 7 -83.128 38.600
1984 8 -77.028 38.700
1984 9 -73.128 38.100
1984 10 -67.828 37.300
1984 11 -55.828 37.100
1984 12 -56.528 37.400
1985 1 -48.628 36.400
1985 2 -38.628 35.800
1985 3 -34.128 35.600
1985 4 -31.228 35.700
1985 5 -32.828 35.800
1985 6 -38.328 35.900
1985 7 -46.528 35.200
1985 8 -56.528 36.100
1985 9 -59.928 36.200
1985 10 -56.928 36.300
1985 11 -54.928 35.600
1985 12 -54.828 35.500
1986 1 -54.528 34.500
1986 2 -50.828 34.400
1986 3 -47.728 34.000
1986 4 -40.928 34.100
1986 5 -36.928 33.700
1986 6 -36.928 34.000
1986 7 -33.628 34.600
1986 8 -39.728 34.300
1986 9 -42.728 33.500
1986 10 -45.928 33.600
1986 11 -56.128 33.400
1986 12 -64.428 33.200
1987 1 -60.828 31.900
1987 2 -58.728 32.700
1987 3 -53.528 32.400
1987 4 -49.428 31.900
1987 5 -48.228 31.500
1987 6 -54.928 31.900
1987 7 -56.628 31.800
1987 8 -63.428 31.200
1987 9 -60.528 30.600
1987 10 -53.328 30.400
1987 11 -52.328 29.800
1987 12 -58.828 29.500
1988 1 -59.328 28.900
1988 2 -66.328 29.600
1988 3 -59.028 29.900
1988 4 -54.328 30.200
1988 5 -51.428 30.800
1988 6 -53.128 31.200
1988 7 -55.328 31.200
1988 8 -57.628 31.400
1988 9 -60.228 31.900
1988 10 -55.328 32.700
1988 11 -51.528 32.700
1988 12 -61.328 32.200
1989 1 -60.428 30.600
1989 2 -57.328 30.400
1989 3 -55.628 30.600
1989 4 -50.028 31.000
1989 5 -49.328 31.500
1989 6 -46.728 31.100
1989 7 -47.628 30.400
1989 8 -50.828 30.500
1989 9 -53.428 30.800
1989 10 -54.728 31.200
1989 11 -54.728 31.000
1989 12 -58.528 30.600
1990 1 -53.228 29.700
1990 2 -54.328 29.100
1990 3 -54.428 28.900
1990 4 -50.728 29.600
1990 5 -55.928 31.600
1990 6 -71.628 32.200
1990 7 -77.928 32.400
1990 8 -77.428 32.100
1990 9 -68.528 31.900
1990 10 -53.328 30.500
1990 11 -47.028 29.700
1990 12 -49.228 29.400
1991 1 -44.128 31.200
1991 2 -44.028 31.300
1991 3 -33.228 31.700
1991 4 -29.628 32.000
1991 5 -32.028 32.300
1991 6 -51.828 34.400
1991 7 -48.328 35.100
1991 8 -59.428 35.700
1991 9 -55.928 36.000
1991 10 -48.628 37.600
1991 11 -52.228 38.400
1991 12 -59.828 38.400
1992 1 -58.628 36.600
1992 2 -68.028 35.700
1992 3 -64.728 35.600
1992 4 -61.128 35.400
1992 5 -59.728 35.700
1992 6 -57.828 35.100
1992 7 -59.528 33.100
1992 8 -51.428 31.400
1992 9 -49.828 31.600
1992 10 -42.428 30.600
1992 11 -45.528 29.800
1992 12 -48.628 29.100
1993 1 -43.828 27.900
1993 2 -44.728 27.600
1993 3 -46.728 27.800
1993 4 -58.328 28.600
1993 5 -67.028 29.600
1993 6 -78.428 30.500
1993 7 -68.928 31.700
1993 8 -72.928 31.800
1993 9 -64.528 30.700
1993 10 -65.728 29.700
1993 11 -56.928 29.100
1993 12 -49.628 27.900
1994 1 -35.028 26.300
1994 2 -31.628 25.900
1994 3 -26.028 26.100
1994 4 -26.928 26.600
1994 5 -30.128 27.500
1994 6 -40.928 28.100
1994 7 -46.728 29.600
1994 8 -47.028 29.700
1994 9 -43.628 29.800
1994 10 -38.528 28.700
1994 11 -34.428 28.000
1994 12 -34.328 26.800
1995 1 -27.028 24.400
1995 2 -36.928 24.100
1995 3 -38.128 24.400
1995 4 -35.528 25.300
1995 5 -28.728 25.800
1995 6 -34.728 27.400
1995 7 -39.228 29.600
1995 8 -40.028 29.200
1995 9 -44.628 29.200
1995 10 -36.628 29.100
1995 11 -36.628 28.100
1995 12 -30.128 27.700
1996 1 -17.928 27.700
1996 2 -17.228 27.700
1996 3 -10.728 26.000
1996 4 -6.828 26.600
1996 5 -7.928 27.000
1996 6 -11.428 27.600
1996 7 -15.728 28.400
1996 8 -15.528 29.900
1996 9 -20.228 29.700
1996 10 -12.728 29.500
1996 11 -16.528 29.400
1996 12 -17.628 29.400
1997 1 -8.528 28.000
1997 2 -5.128 27.800
1997 3 -2.828 27.500
1997 4 -4.228 27.900
1997 5 -9.828 28.600
1997 6 -18.028 28.600
1997 7 -24.928 28.400
1997 8 -27.528 28.300
1997 9 -30.028 28.500
1997 10 -28.128 28.100
1997 11 -33.128 28.100
1997 12 -30.528 27.700
1998 1 -31.428 26.400
1998 2 -26.628 26.900
1998 3 -17.028 26.000
1998 4 -9.328 25.600
1998 5 -12.328 25.500
1998 6 -5.728 25.500
1998 7 1.272 25.900
1998 8 4.972 26.600
1998 9 11.772 26.800
1998 10 20.772 27.500
1998 11 23.772 27.100
1998 12 15.772 27.000
1999 1 15.972 25.600
1999 2 12.272 26.400
1999 3 13.772 27.100
1999 4 20.172 27.100
1999 5 27.672 27.000
1999 6 18.672 27.800
1999 7 14.272 28.500
1999 8 11.472 28.800
1999 9 19.772 28.900
1999 10 20.072 28.500
1999 11 28.172 28.200
1999 12 24.972 28.100
2000 1 30.272 26.900
2000 2 19.672 27.000
2000 3 13.872 27.300
2000 4 9.772 27.400
2000 5 10.472 27.500
2000 6 11.372 27.700
2000 7 17.772 27.600
2000 8 24.472 27.200
2000 9 20.172 26.400
2000 10 23.072 26.000
2000 11 16.772 26.100
2000 12 13.572 26.200
2001 1 13.772 24.900
2001 2 12.372 25.100
2001 3 11.072 25.900
2001 4 10.972 25.500
2001 5 13.972 25.100
2001 6 19.672 25.200
2001 7 25.572 25.700
2001 8 27.272 26.200
2001 9 30.672 25.800
2001 10 31.272 26.000
2001 11 33.772 24.800
2001 12 30.672 24.500
2002 1 41.572 23.600
2002 2 43.172 23.200
2002 3 46.672 23.300
2002 4 49.972 23.500
2002 5 52.972 23.500
2002 6 51.772 23.900
2002 7 49.072 24.000
2002 8 51.572 23.900
2002 9 48.172 23.100
2002 10 59.672 22.300
2002 11 64.772 22.600
2002 12 67.572 22.700
2003 1 75.472 21.800
2003 2 78.972 21.500
2003 3 82.572 20.500
2003 4 86.072 20.400
2003 5 88.472 20.300
2003 6 84.072 20.400
2003 7 81.172 20.200
2003 8 82.572 20.500
2003 9 82.672 20.000
2003 10 85.072 20.000
2003 11 78.572 19.600
2003 12 69.272 18.700
2004 1 70.972 17.400
2004 2 66.972 16.500
2004 3 69.472 16.200
2004 4 74.672 15.900
2004 5 74.972 15.600
2004 6 73.872 15.300
2004 7 77.772 15.000
2004 8 78.872 15.000
2004 9 82.472 14.500
2004 10 78.572 14.700
2004 11 78.172 14.900
2004 12 72.572 14.800
2005 1 72.772 14.000
2005 2 68.272 13.600
2005 3 70.472 13.300
2005 4 74.972 13.100
2005 5 74.872 13.000
2005 6 74.272 12.600
2005 7 76.872 12.300
2005 8 80.972 11.700
2005 9 82.372 11.300
2005 10 87.372 11.300
2005 11 86.572 11.200
2005 12 89.172 9.800
2006 1 98.272 13.300
2006 2 93.272 12.600
2006 3 96.372 12.900
2006 4 101.372 13.500
2006 5 109.672 13.600
2006 6 108.772 13.500
2006 7 108.472 13.400
2006 8 99.072 13.000
2006 9 92.772 13.200
2006 10 87.572 13.300
2006 11 89.572 13.000
2006 12 87.372 12.700
2007 1 99.772 11.100
2007 2 91.072 11.500
2007 3 84.772 11.100
2007 4 80.372 11.000
2007 5 78.172 10.600
2007 6 82.072 10.500
2007 7 88.372 10.700
2007 8 91.272 10.900
2007 9 94.072 10.800
2007 10 99.472 10.300
2007 11 98.472 10.700
2007 12 96.672 10.800
2008 1 104.072 9.300
2008 2 106.072 9.200
2008 3 106.372 8.900
2008 4 108.972 9.100
2008 5 109.272 9.200
2008 6 113.072 9.200
2008 7 112.272 9.600
2008 8 114.672 9.600
2008 9 108.272 9.600
2008 10 101.572 9.700
2008 11 97.672 9.600
2008 12 97.172 9.200
2009 1 107.072 7.600
2009 2 113.572 8.000
2009 3 119.272 7.700
2009 4 118.972 8.100
2009 5 112.472 8.400
2009 6 109.672 8.300
2009 7 110.372 8.600
2009 8 109.672 8.800
2009 9 112.472 8.800
2009 10 114.372 8.500
2009 11 113.072 8.600
2009 12 111.772 8.200
2010 1 113.672 7.100
2010 2 110.172 7.000
2010 3 106.972 7.000
2010 4 109.572 6.800
2010 5 111.472 6.700
2010 6 112.172 6.700
2010 7 110.972 6.400
2010 8 113.372 6.200
2010 9 114.372 6.100
2010 10 119.172 6.300
2010 11 115.172 5.800
2010 12 115.572 5.700
2011 1 120.372 5.000
2011 2 120.172 4.800
2011 3 125.272 4.700
2011 4 128.572 4.700
2011 5 129.472 4.600
2011 6 128.672 4.900
2011 7 127.372 4.800
2011 8 131.672 4.800
2011 9 135.772 5.000
2011 10 133.272 5.200
2011 11 134.872 4.900
2011 12 132.872 4.900
2012 1 144.472 4.100
2012 2 147.972 4.400
2012 3 147.672 4.300
2012 4 144.372 4.100
2012 5 140.972 4.000
2012 6 136.372 3.700
2012 7 135.372 3.700
2012 8 135.072 3.600
2012 9 138.172 3.700
2012 10 140.872 3.600
2012 11 141.872 3.900
2012 12 145.172 3.600
2013 1 153.072 3.500
2013 2 158.072 3.600
2013 3 153.372 3.300
2013 4 149.272 3.200
2013 5 147.372 3.200
2013 6 144.672 2.900
2013 7 140.772 2.900
2013 8 145.072 3.400
2013 9 151.272 4.900
2013 10 157.572 4.800
2013 11 163.272 4.400
2013 12 163.372 4.000
2014 1 167.972 5.200
2014 2 163.672 5.600
2014 3 161.772 5.500
2014 4 159.572 5.900
2014 5 162.572 6.100
2014 6 168.172 5.900
2014 7 168.372 6.000
2014 8 162.972 5.500
2014 9 158.372 5.100
2014 10 157.372 5.200
2014 11 156.672 5.200
2014 12 160.172 5.200
2015 1 176.672 5.300
2015 2 181.572 5.300
2015 3 183.672 5.300
2015 4 184.372 4.900
2015 5 184.072 4.800
2015 6 181.972 4.700
2015 7 183.172 4.700
2015 8 182.672 4.100
2015 9 179.972 4.100
2015 10 174.172 4.200
2015 11 174.972 4.300
2015 12 175.372 4.100
2016 1 180.172 5.200
2016 2 175.972 5.100
2016 3 174.372 5.000
2016 4 174.772 4.700
2016 5 172.272 4.800
2016 6 175.072 4.800
2016 7 175.672 4.300
2016 8 176.172 3.900
2016 9 173.072 3.900
2016 10 178.072 4.200
2016 11 179.072 4.000
2016 12 185.172 4.000
2017 1 193.372 4.800
2017 2 198.272 4.700
2017 3 205.772 4.700
2017 4 207.972 4.700
2017 5 206.172 4.700
2017 6 201.372 4.400
2017 7 202.672 4.500
2017 8 200.772 4.400
2017 9 206.072 4.100
2017 10 207.172 3.900
2017 11 203.972 3.800
2017 12 199.972 3.800
2018 1 204.172 4.900
2018 2 207.172 4.900
2018 3 208.972 4.700
2018 4 206.472 4.800
2018 5 206.072 4.800
2018 6 198.672 4.800
2018 7 198.272 4.600
2018 8 199.272 4.400
2018 9 199.672 4.200
2018 10 204.272 4.400
2018 11 207.072 4.500
2018 12 205.972 4.300
2019 1 210.172 5.000
2019 2 215.372 5.100
2019 3 226.572 4.800
2019 4 230.072 4.900
2019 5 228.672 4.800
2019 6 222.772 4.600
2019 7 224.172 4.400
2019 8 222.572 4.300
2019 9 221.472 4.300
2019 10 220.872 4.400
2019 11 221.272 4.300
2019 12 228.772 4.200
2020 1 236.672 4.100
2020 2 240.772 3.900
2020 3 240.872 3.600
2020 4 239.872 3.900
2020 5 239.972 4.300
2020 6 233.272 4.500
2020 7 224.972 3.700
2020 8 219.772 3.200
2020 9 220.372 2.900
2020 10 223.972 3.300
2020 11 228.272 2.800
2020 12 227.072 2.300
2021 1 240.172 3.300
2021 2 245.672 3.600
2021 3 248.172 3.900
2021 4 247.272 3.700
2021 5 250.372 3.700
2021 6 253.772 3.200
2021 7 251.672 3.200
2021 8 248.672 3.400
2021 9 244.872 3.800
2021 10 242.372 3.800
2021 11 242.772 3.700
2021 12 243.572 3.300
2022 1 253.872 4.300
2022 2 261.272 3.900
2022 3 261.072 4.000
2022 4 263.872 3.900
2022 5 265.572 4.200
2022 6 266.372 4.100
2022 7 270.972 4.000
2022 8 267.872 4.200
2022 9 269.572 4.600
2022 10 271.872 4.600
2022 11 268.172 4.300
2022 12 266.572 4.200
2023 1 273.972 5.400
2023 2 275.172 5.400
2023 3 283.972 5.600
2023 4 284.672 5.500
2023 5 283.072 5.400
2023 6 282.472 5.600
2023 7 282.272 5.600
2023 8 280.872 5.400
2023 9 281.372 5.000
2023 10 283.372 5.200
2023 11 280.572 4.800
2023 12 277.272 5.100
2024 1 290.272 6.100
2024 2 295.372 5.400
2024 3 296.472 5.300
2024 4 297.772 5.000
2024 5 299.172 4.900
2024 6 302.272 5.000
2024 7 299.972 4.900
2024 8 297.072 4.900
2024 9 294.472 5.200
2024 10 287.872 5.000
2024 11 287.772 5.100
2024 12 286.872 5.200
2025 1 294.072 6.300
2025 2 299.072 6.400
2025 3 306.672 6.100
2025 4 317.072 6.000
2025 5 321.772 6.000
2025 6 324.772 8.300
2025 7 330.072 6.300
2025 8 331.372 5.900
2025 9 330.972 5.700
2025 10 326.572 5.300
2025 11 316.572 5.500
2025 12 310.972 6.600
