1940.5 -100.37 59.05
1941.5 -106.35 52.10
1942.5 -82.11 52.23
1943.5 -74.66 50.67
1944.5 -77.10 46.47
1945.5 -78.72 49.75
1946.5 -75.80 44.39
1947.5 -65.33 40.11
1948.5 -92.44 43.69
1949.5 -88.25 44.11
1950.5 -86.99 36.30
1951.5 -56.58 31.66
1952.5 -73.10 32.89
1953.5 -56.63 34.97
1954.5 -41.68 32.63
1955.5 -66.89 28.15
1956.5 -58.09 20.54
1957.5 -58.93 16.78
1958.5 -35.54 19.95
1959.5 -45.05 21.81
1960.5 -37.63 19.11
1961.5 -60.05 18.89
1962.5 -30.57 16.74
1963.5 -38.78 14.73
1964.5 -62.12 15.21
1965.5 -69.70 15.26
1966.5 -56.16 15.75
1967.5 -59.26 13.99
1968.5 -63.53 12.42
1969.5 -63.75 12.76
1970.5 -63.97 16.57
1971.5 -63.13 15.24
1972.5 -57.42 14.56
1973.5 -50.32 13.72
1974.5 -50.66 15.23
1975.5 -42.89 16.54
1976.5 -40.92 16.61
1977.5 -25.90 16.09
1978.5 -27.76 14.01
1979.5 -31.50 12.26
1980.5 -18.33 13.14
1981.5 -31.28 14.36
1982.5 -36.46 11.76
1983.5 -36.37 10.90
1984.5 -41.22 11.86
1985.5 -25.86 11.05
1986.5 -26.54 10.61
1987.5 -28.29 9.40
1988.5 -22.20 10.41
1989.5 -13.61 10.53
1990.5 -14.04 13.15
1991.5 -9.79 13.81
1992.5 -29.94 12.34
1993.5 -34.18 10.22
1994.5 -24.85 10.10
1995.5 -17.61 9.45
1996.5 -6.39 9.62
1997.5 -8.70 8.31
1998.5 -2.06 7.50
1999.5 3.47 9.26
2000.5 8.66 9.49
2001.5 13.61 10.46
2002.5 29.74 10.71
2003.5 40.10 9.07
2004.5 38.46 6.13
2005.5 40.12 4.55
2006.5 45.10 4.95
2007.5 38.50 4.42
2008.5 46.37 3.81
2009.5 53.40 3.60
2010.5 51.87 3.10
2011.5 58.11 2.62
2012.5 61.67 2.45
2013.5 66.63 2.47
2014.5 67.94 2.88
2015.5 76.35 2.66
2016.5 76.29 2.42
2017.5 86.96 1.97
2018.5 89.77 2.00
2019.5 99.23 2.36
2020.5 103.16 2.52
2021.5 107.93 2.42
2022.5 119.25 2.95
2023.5 136.05 3.40
2024.5 146.88 2.51
2025.5 150.19 2.66
