CERES - EBAFTOA421 Data
Parameter: TOA Shortwave Flux - All-Sky (W m-2)
Time Range: March - 2000 to January - 2026
Time Resolution: MON
Valid Range: 0 - 600
Satellite: -

year month   data
2000 03 99.26
2000 04 97.78
2000 05 97.93
2000 06 96.82
2000 07 94.22
2000 08 93.58
2000 09 95.21
2000 10 101.91
2000 11 106.53
2000 12 108.28
2001 01 104.71
2001 02 102.87
2001 03 99.09
2001 04 98.47
2001 05 97.90
2001 06 96.67
2001 07 93.91
2001 08 93.33
2001 09 94.46
2001 10 101.60
2001 11 105.83
2001 12 108.87
2002 01 106.61
2002 02 102.75
2002 03 99.19
2002 04 97.89
2002 05 96.69
2002 06 96.84
2002 07 94.64
2002 08 93.82
2002 09 94.46
2002 10 99.64
2002 11 106.32
2002 12 108.34
2003 01 105.98
2003 02 101.79
2003 03 98.31
2003 04 97.49
2003 05 97.87
2003 06 95.97
2003 07 93.64
2003 08 92.24
2003 09 94.16
2003 10 99.61
2003 11 105.68
2003 12 107.49
2004 01 105.79
2004 02 101.35
2004 03 99.89
2004 04 96.41
2004 05 98.50
2004 06 96.89
2004 07 93.36
2004 08 92.59
2004 09 93.99
2004 10 100.42
2004 11 105.67
2004 12 107.31
2005 01 105.65
2005 02 102.36
2005 03 98.74
2005 04 97.29
2005 05 96.97
2005 06 96.48
2005 07 94.38
2005 08 93.18
2005 09 94.20
2005 10 100.09
2005 11 105.70
2005 12 106.72
2006 01 105.97
2006 02 102.10
2006 03 98.87
2006 04 97.20
2006 05 96.81
2006 06 95.44
2006 07 93.75
2006 08 92.79
2006 09 93.86
2006 10 100.75
2006 11 105.05
2006 12 107.80
2007 01 105.99
2007 02 101.50
2007 03 98.81
2007 04 96.53
2007 05 97.28
2007 06 96.05
2007 07 93.69
2007 08 92.97
2007 09 94.67
2007 10 99.62
2007 11 106.12
2007 12 108.90
2008 01 106.55
2008 02 102.33
2008 03 97.73
2008 04 97.12
2008 05 96.39
2008 06 95.71
2008 07 93.08
2008 08 92.02
2008 09 95.04
2008 10 99.62
2008 11 106.21
2008 12 107.08
2009 01 105.72
2009 02 101.72
2009 03 98.79
2009 04 96.73
2009 05 96.44
2009 06 95.22
2009 07 93.87
2009 08 92.14
2009 09 94.95
2009 10 100.04
2009 11 106.38
2009 12 107.92
2010 01 106.36
2010 02 102.46
2010 03 98.89
2010 04 97.00
2010 05 97.53
2010 06 96.52
2010 07 94.63
2010 08 93.15
2010 09 94.53
2010 10 100.35
2010 11 106.22
2010 12 108.16
2011 01 106.10
2011 02 102.10
2011 03 98.22
2011 04 97.03
2011 05 97.52
2011 06 96.92
2011 07 93.75
2011 08 92.22
2011 09 93.84
2011 10 99.17
2011 11 106.04
2011 12 109.32
2012 01 105.55
2012 02 101.23
2012 03 99.15
2012 04 97.04
2012 05 96.29
2012 06 95.16
2012 07 93.87
2012 08 92.45
2012 09 94.21
2012 10 98.93
2012 11 105.62
2012 12 107.67
2013 01 106.53
2013 02 102.03
2013 03 98.52
2013 04 97.42
2013 05 97.18
2013 06 96.61
2013 07 94.29
2013 08 92.25
2013 09 94.55
2013 10 99.82
2013 11 106.03
2013 12 107.66
2014 01 105.93
2014 02 102.05
2014 03 98.19
2014 04 96.77
2014 05 96.93
2014 06 96.34
2014 07 94.23
2014 08 91.68
2014 09 93.88
2014 10 99.20
2014 11 105.62
2014 12 108.32
2015 01 105.83
2015 02 101.38
2015 03 98.57
2015 04 96.51
2015 05 96.45
2015 06 95.82
2015 07 93.05
2015 08 91.48
2015 09 93.02
2015 10 98.74
2015 11 105.42
2015 12 107.40
2016 01 105.37
2016 02 101.61
2016 03 98.34
2016 04 95.90
2016 05 96.54
2016 06 94.70
2016 07 93.06
2016 08 92.00
2016 09 93.56
2016 10 99.26
2016 11 104.55
2016 12 106.99
2017 01 103.75
2017 02 100.11
2017 03 97.69
2017 04 95.64
2017 05 96.43
2017 06 95.18
2017 07 92.75
2017 08 92.53
2017 09 93.94
2017 10 100.09
2017 11 105.59
2017 12 107.91
2018 01 105.15
2018 02 102.19
2018 03 98.38
2018 04 95.47
2018 05 96.22
2018 06 95.91
2018 07 93.48
2018 08 92.51
2018 09 93.04
2018 10 98.82
2018 11 104.66
2018 12 106.45
2019 01 105.12
2019 02 100.69
2019 03 97.26
2019 04 96.03
2019 05 95.83
2019 06 95.32
2019 07 92.68
2019 08 91.69
2019 09 92.63
2019 10 97.86
2019 11 104.42
2019 12 106.35
2020 01 105.50
2020 02 101.05
2020 03 97.37
2020 04 95.42
2020 05 95.52
2020 06 94.82
2020 07 93.30
2020 08 91.10
2020 09 93.59
2020 10 100.03
2020 11 105.24
2020 12 108.00
2021 01 105.68
2021 02 100.98
2021 03 97.43
2021 04 96.09
2021 05 96.53
2021 06 94.51
2021 07 93.33
2021 08 91.33
2021 09 93.38
2021 10 98.71
2021 11 104.43
2021 12 107.51
2022 01 104.82
2022 02 100.50
2022 03 97.80
2022 04 96.10
2022 05 96.79
2022 06 94.29
2022 07 93.42
2022 08 91.81
2022 09 93.33
2022 10 98.95
2022 11 104.69
2022 12 106.24
2023 01 103.86
2023 02 100.44
2023 03 96.84
2023 04 95.44
2023 05 96.28
2023 06 94.12
2023 07 91.94
2023 08 90.04
2023 09 91.85
2023 10 97.71
2023 11 104.12
2023 12 106.34
2024 01 104.89
2024 02 100.83
2024 03 97.85
2024 04 95.85
2024 05 96.44
2024 06 94.76
2024 07 93.17
2024 08 90.93
2024 09 92.65
2024 10 98.52
2024 11 104.15
2024 12 106.67
2025 01 103.20
2025 02 100.14
2025 03 96.54
2025 04 95.85
2025 05 96.45
2025 06 94.76
2025 07 92.67
2025 08 90.94
2025 09 92.36
2025 10 98.52
2025 11 103.89
2025 12 106.01
2026 01 103.50
